         2
         2
         3
         0
1967549858
1967549859
1967549859
         4
         5
1967549858
1763737158
2657524712
2657524712
         6
         7
1763737158
 759727933
1181282691
1181282691
         8
         9
 759727933
1375440761
2117272246
2117272246
        10
        11
1375440761
2126368655
2405714440
2405714440
        12
        13
2126368655
1659459755
2622887738
2622887738
        14
        15
1659459755
1653559247
2154076026
2154076026
        16
        17
1653559247
 155032039
1807275190
1807275190
        18
        19
 155032039
1260302713
1074465376
1074465376
        20
        21
1260302713
 381066149
1568671774
1568671774
        22
        23
 381066149
1277327724
1385480209
1385480209
        24
        25
1277327724
 607372498
1611742526
1611742526
        26
        27
 607372498
 689056926
 218226800
 218226800
        28
        29
 689056926
 557180007
 168280069
 168280069
        30
        31
 557180007
1465309970
1951121273
1951121273
        32
        33
1465309970
1271888972
2651916126
2651916126
        34
        35
1271888972
1702542376
2889214068
2889214068
        36
        37
1702542376
 970947488
1577445320
1577445320
        38
        39
 970947488
1262364857
1892242265
1892242265
        40
        41
1262364857
 683246066
1671932331
1671932331
        42
        43
 683246066
 708480871
  44239961
  44239961
        44
        45
 708480871
 687504863
  48298054
  48298054
        46
        47
 687504863
1130514922
1796781769
1796781769
        48
        49
1130514922
 359261254
1418407216
1418407216
        50
        51
 359261254
 934326362
 148460704
 148460704
        52
        53
 934326362
1904472580
1681089118
1681089118
        54
        55
1904472580
  23334756
1927806312
1927806312
        56
        57
  23334756
 576307429
 599641929
 599641929
        58
        59
 576307429
 613001899
 114453136
 114453136
        60
        61
 613001899
1648448253
1187707048
1187707048
        62
        63
1648448253
1997168294
2504764579
2504764579
        64
        65
1997168294
1022767128
1677479614
1677479614
        66
        67
1022767128
1194462410
1944337634
1944337634
        68
        69
1194462410
1454488966
2577643856
2577643856
        70
        71
1454488966
 604712482
2058918824
2058918824
        72
        73
 604712482
1151314484
1754694742
1754694742
        74
        75
1151314484
1690926880
2824131924
2824131924
        76
        77
1690926880
  51543375
1742448751
1742448751
        78
        79
  51543375
1027072944
1006968063
1006968063
        80
        81
1027072944
 184846784
 876308592
 876308592
        82
        83
 184846784
1304936047
1154168623
1154168623
        84
        85
1304936047
1118944082
2406753729
2406753729
        86
        87
1118944082
 778914703
1826550497
1826550497
        88
        89
 778914703
 260548898
 702603441
 702603441
        90
        91
 260548898
1539968561
1447929683
1447929683
        92
        93
1539968561
 738799460
2009278869
2009278869
        94
        95
 738799460
1977630804
1374252984
1374252984
        96
        97
1977630804
 318600250
1201517710
1201517710
        98
        99
 318600250
1812832099
2130363293
2130363293
       100
       101
1812832099
1297973398
2841255929
2841255929
       102
       103
1297973398
  64837318
1277875804
1277875804
       104
       105
  64837318
 485477299
 532159865
 532159865
       106
       107
 485477299
1791973842
1990856837
1990856837
       108
       109
1791973842
 725652633
1091562859
1091562859
       110
       111
 725652633
2105343558
1421624031
1421624031
       112
       113
2105343558
 674582781
1432424003
1432424003
       114
       115
 674582781
 804716070
 132845091
 132845091
       116
       117
 804716070
1147474098
1662766808
1662766808
       118
       119
1147474098
 259813148
1133608910
1133608910
       120
       121
 259813148
1574510039
1476753651
1476753651
       122
       123
1574510039
1424021487
2713313478
2713313478
       124
       125
1424021487
1625920372
3028903523
3028903523
       126
       127
1625920372
 919449762
1453720342
1453720342
       128
       129
 919449762
1654945036
1415701934
1415701934
       130
       131
1654945036
1266755255
2837797827
2837797827
       132
       133
1266755255
1488617711
2470160038
2470160038
       134
       135
1488617711
  12912700
1484752939
1484752939
       136
       137
  12912700
2019353974
2014440882
2014440882
       138
       139
2019353974
 721237711
1376377669
1376377669
       140
       141
 721237711
1176213882
1824821065
1824821065
       142
       143
1176213882
 827595297
2003805083
2003805083
       144
       145
 827595297
1056029490
 788889939
 788889939
       146
       147
1056029490
 333761693
 227899343
 227899343
       148
       149
 333761693
 981407592
 152294149
 152294149
       150
       151
 981407592
1616345673
1518489009
1518489009
       152
       153
1616345673
1249027215
2860900056
2860900056
       154
       155
1249027215
 271692551
1516443542
1516443542
       156
       157
 271692551
1115398915
1382552074
1382552074
       158
       159
1115398915
 804358499
1831348326
1831348326
       160
       161
 804358499
 545264608
 259102787
 259102787
       162
       163
 545264608
 803883664
 258627952
 258627952
       164
       165
 803883664
 976550439
 366882999
 366882999
       166
       167
 976550439
 391870075
 223292578
 223292578
       168
       169
 391870075
1915642456
1165333715
1165333715
       170
       171
1915642456
1559299318
2397005390
2397005390
       172
       173
1559299318
1283678725
2557503227
2557503227
       174
       175
1283678725
1469780329
2467984238
2467984238
       176
       177
1469780329
1007534021
1133808686
1133808686
       178
       179
1007534021
1234574470
1972603723
1972603723
       180
       181
1234574470
  12597496
1230374014
1230374014
       182
       183
  12597496
1110784105
1123360865
1123360865
       184
       185
1110784105
 632142939
1737663684
1737663684
       186
       187
 632142939
 159573348
 774853055
 774853055
       188
       189
 159573348
1682477873
1841984661
1841984661
       190
       191
1682477873
1806204444
2413874509
2413874509
       192
       193
1806204444
1001675320
1377600596
1377600596
       194
       195
1001675320
1995139203
1834988219
1834988219
       196
       197
1995139203
2080428145
2733324532
2733324532
       198
       199
2080428145
1191439888
3003367041
3003367041
       200
       201
1191439888
 484453417
1407437369
1407437369
       202
       203
 484453417
 530435606
 729672255
 729672255
       204
       205
 530435606
1962091673
1129112239
1129112239
       206
       207
1962091673
 166727349
2107843150
2107843150
       208
       209
 166727349
1269749641
1079955774
1079955774
       210
       211
1269749641
1748579561
2744634226
2744634226
       212
       213
1748579561
 918638429
1593471814
1593471814
       214
       215
 918638429
 821434545
 649549582
 649549582
       216
       217
 821434545
 715189735
 441906584
 441906584
       218
       219
 715189735
1230154247
1676822510
1676822510
       220
       221
1230154247
 134404902
1095790893
1095790893
       222
       223
 134404902
1076466313
1210804655
1210804655
       224
       225
1076466313
1655803003
2728009220
2728009220
       226
       227
1655803003
1435141226
3074097381
3074097381
       228
       229
1435141226
1241707228
2676520518
2676520518
       230
       231
1241707228
1038666431
2011871387
2011871387
       232
       233
1038666431
1057692794
 686020153
 686020153
       234
       235
1057692794
1278820837
2066767199
2066767199
       236
       237
1278820837
 435148958
1439963523
1439963523
       238
       239
 435148958
 798607715
 880054529
 880054529
       240
       241
 798607715
2006974422
1378137145
1378137145
       242
       243
2006974422
1284811071
3005436949
3005436949
       244
       245
1284811071
1882756610
3163307841
3163307841
       246
       247
1882756610
 395013223
1202975337
1202975337
       248
       249
 395013223
1412361849
1805978336
1805978336
       250
       251
1412361849
1496099630
2903131559
2903131559
       252
       253
1496099630
1686722906
3181768840
3181768840
       254
       255
1686722906
 339690390
2025101552
2025101552
       256
       257
 339690390
1249074599
1584307261
1584307261
       258
       259
1249074599
2068964414
2977968613
2977968613
       260
       261
2068964414
1923821167
2851652269
2851652269
       262
       263
1923821167
2013440132
2863236851
2863236851
       264
       265
2013440132
  10407483
2023515839
2023515839
       266
       267
  10407483
 261728663
 254240722
 254240722
       268
       269
 261728663
1109054767
1302560454
1302560454
       270
       271
1109054767
 727649962
1768281049
1768281049
       272
       273
 727649962
 982256055
 299566945
 299566945
       274
       275
 982256055
1903341875
1811856106
1811856106
       276
       277
1903341875
 160275227
2063534158
2063534158
       278
       279
 160275227
 819384256
 961763035
 961763035
       280
       281
 819384256
1697552991
1441813791
1441813791
       282
       283
1697552991
1973369152
2595849119
2595849119
       284
       285
1973369152
 720107560
1601626472
1601626472
       286
       287
 720107560
 589095889
 167222265
 167222265
       288
       289
 589095889
1023679568
 470875937
 470875937
       290
       291
1023679568
  61522899
1018093347
1018093347
       292
       293
  61522899
1528729755
1521767278
1521767278
       294
       295
1528729755
  79563846
1602788577
1602788577
       296
       297
  79563846
 133923714
 191205320
 191205320
       298
       299
 133923714
2023388301
2135029519
2135029519
       300
       301
2023388301
 864369421
1797222298
1797222298
       302
       303
 864369421
  84209340
 881448393
 881448393
       304
       305
  84209340
  33899328
 118042108
 118042108
       306
       307
  33899328
2096220960
2130053728
2130053728
       308
       309
2096220960
 160270400
1971209056
1971209056
       310
       311
 160270400
  66522610
 141591858
 141591858
       312
       313
  66522610
1269189430
1247364136
1247364136
       314
       315
1269189430
 764388752
1679944902
1679944902
       316
       317
 764388752
2138072176
1493158144
1493158144
       318
       319
2138072176
2056270278
2780845366
2780845366
       320
       321
2056270278
 117086646
2085259900
2085259900
       322
       323
 117086646
 263693735
  23936605
  23936605
       324
       325
 263693735
1460707593
1384580784
1384580784
       326
       327
1460707593
 426786766
1816173783
1816173783
       328
       329
 426786766
  21831862
 448601988
 448601988
       330
       331
  21831862
1264925212
1218583250
1218583250
       332
       333
1264925212
 969827191
1881364883
1881364883
       334
       335
 969827191
 623847044
 518604283
 518604283
       336
       337
 623847044
 213708629
 563855833
 563855833
       338
       339
 213708629
 444597005
 373091938
 373091938
       340
       341
 444597005
1151020882
1578839647
1578839647
       342
       343
1151020882
 525934871
1407192169
1407192169
       344
       345
 525934871
1200677830
1391050973
1391050973
       346
       347
1200677830
1650555638
2784041404
2784041404
       348
       349
1650555638
1436783813
3082866363
3082866363
       350
       351
1436783813
 886642569
1232644942
1232644942
       352
       353
 886642569
 458525042
 254647547
 254647547
       354
       355
 458525042
 998082644
  42009030
  42009030
       356
       357
 998082644
1586214304
1173634548
1173634548
       358
       359
1586214304
1591065335
2824613783
2824613783
       360
       361
1591065335
2055292648
2220293343
2220293343
       362
       363
2055292648
1502288088
2198363840
2198363840
       364
       365
1502288088
1098092189
2600113781
2600113781
       366
       367
1098092189
1540577621
2550323186
2550323186
       368
       369
1540577621
1731291571
3200299528
3200299528
       370
       371
1731291571
 121130097
1781114148
1781114148
       372
       373
 121130097
1985918170
2034692171
2034692171
       374
       375
1985918170
1625356263
2520673217
2520673217
       376
       377
1625356263
2015037558
2566651741
2566651741
       378
       379
2015037558
1238742289
2985082247
2985082247
       380
       381
1238742289
1448033332
2668667205
2668667205
       382
       383
1448033332
 925470481
1231338309
1231338309
       384
       385
 925470481
 396759191
 177184680
 177184680
       386
       387
 396759191
2032879823
1284331622
1284331622
       388
       389
2032879823
 368052167
1322995606
1322995606
       390
       391
 368052167
 557547893
 921404476
 921404476
       392
       393
 557547893
1527301623
2016626284
2016626284
       394
       395
1527301623
  58168418
1518295385
1518295385
       396
       397
  58168418
   7330688
  59928546
  59928546
       398
       399
   7330688
 723795441
 725861489
 725861489
       400
       401
 723795441
 852589044
 435513061
 435513061
       402
       403
 852589044
1132744462
1901442050
1901442050
       404
       405
1132744462
 106074649
1171709223
1171709223
       406
       407
 106074649
1693577313
1778598522
1778598522
       408
       409
1693577313
1048952912
1383510193
1383510193
       410
       411
1048952912
 656026055
 295692567
 295692567
       412
       413
 656026055
1724233117
1239391844
1239391844
       414
       415
1724233117
2026949078
2660597363
2660597363
       416
       417
2026949078
  32906117
2038878299
2038878299
       418
       419
  32906117
 891496819
 919941368
 919941368
       420
       421
 891496819
 920256080
 737728451
 737728451
       422
       423
 920256080
 112478809
 944583849
 944583849
       424
       425
 112478809
 975882327
1016988336
1016988336
       426
       427
 975882327
1261386303
1896215190
1896215190
       428
       429
1261386303
 433818691
1358345858
1358345858
       430
       431
 433818691
 895742485
 238714456
 238714456
       432
       433
 895742485
 218649930
 845875039
 845875039
       434
       435
 218649930
  27788213
 245388543
 245388543
       436
       437
  27788213
 444845051
 455854768
 455854768
       438
       439
 444845051
1869391660
1978625575
1978625575
       440
       441
1869391660
1504666457
3033253509
3033253509
       442
       443
1504666457
 101063246
1604417959
1604417959
       444
       445
 101063246
1878280260
1643795090
1643795090
       446
       447
1878280260
 582238972
1298696768
1298696768
       448
       449
 582238972
2139336126
1563946938
1563946938
       450
       451
2139336126
1781826380
2511809546
2511809546
       452
       453
1781826380
1561127321
3073403109
3073403109
       454
       455
1561127321
 547916246
2107925103
2107925103
       456
       457
 547916246
 183244147
 709140041
 709140041
       458
       459
 183244147
1777948106
1670736445
1670736445
       460
       461
1777948106
 519737252
2007224430
2007224430
       462
       463
 519737252
 563840712
1061224812
1061224812
       464
       465
 563840712
1519758780
2066490244
2066490244
       466
       467
1519758780
2143547231
2236893211
2236893211
       468
       469
2143547231
1712755147
2446687274
2446687274
       470
       471
1712755147
 266700285
1643845320
1643845320
       472
       473
 266700285
1943015058
2125824911
2125824911
       474
       475
1943015058
1946913152
2816182034
2816182034
       476
       477
1946913152
 867444859
1740612091
1740612091
       478
       479
 867444859
1788350025
1493968580
1493968580
       480
       481
1788350025
1521765456
2953595545
2953595545
       482
       483
1521765456
1991502591
2351375951
2351375951
       484
       485
1991502591
1813126405
2457990916
2457990916
       486
       487
1813126405
 764040770
1234723655
1234723655
       488
       489
 764040770
1294113859
1789452933
1789452933
       490
       491
1294113859
1609762812
2563871551
2563871551
       492
       493
1609762812
  64541811
1586223983
1586223983
       494
       495
  64541811
 370547757
 367976608
 367976608
       496
       497
 370547757
1172169550
1541668731
1541668731
       498
       499
1172169550
 543902085
1697917139
1697917139
       500
       501
 543902085
1605827434
2145202415
2145202415
       502
       503
1605827434
1982893981
2175170055
2175170055
       504
       505
1982893981
1261573521
3173158958
3173158958
       506
       507
1261573521
 102912480
1292920433
1292920433
       508
       509
 102912480
 935029861
 966376773
 966376773
       510
       511
 935029861
1457220487
1229096940
1229096940
       512
       513
1457220487
1111599883
2484650642
2484650642
       514
       515
1111599883
 330885583
1375289562
1375289562
       516
       517
 330885583
1983760620
1168482747
1168482747
       518
       519
1983760620
1762496562
2671400990
2671400990
       520
       521
1762496562
2054858870
2474064040
2474064040
       522
       523
2054858870
1763843896
2472064942
2472064942
       524
       525
1763843896
 540972760
1226613008
1226613008
       526
       527
 540972760
1517933217
2053596281
2053596281
       528
       529
1517933217
 680616071
1925853736
1925853736
       530
       531
 680616071
1837820016
1159399671
1159399671
       532
       533
1837820016
1699251478
2193780102
2193780102
       534
       535
1699251478
 614306699
1238701217
1238701217
       536
       537
 614306699
1432813523
2045988446
2045988446
       538
       539
1432813523
 577463654
2005733433
2005733433
       540
       541
 577463654
2054172528
1486569686
1486569686
       542
       543
2054172528
 487187166
1199164750
1199164750
       544
       545
 487187166
1170869154
1388571008
1388571008
       546
       547
1170869154
1616317762
2770142436
2770142436
       548
       549
1616317762
1821400915
2363971733
2363971733
       550
       551
1821400915
1972406390
2434848713
2434848713
       552
       553
1972406390
1932092553
2763648255
2763648255
       554
       555
1932092553
 517371380
1308596605
1308596605
       556
       557
 517371380
 283311813
 783557561
 783557561
       558
       559
 283311813
 478555747
 744806440
 744806440
       560
       561
 478555747
 442531431
 652630218
 652630218
       562
       563
 442531431
1189303211
1543736594
1543736594
       564
       565
1189303211
 439368659
1557351038
1557351038
       566
       567
 439368659
1564622008
1735534475
1735534475
       568
       569
1564622008
1705384381
3001288053
3001288053
       570
       571
1705384381
 512517454
1931640331
1931640331
       572
       573
 512517454
1987572271
1089673085
1089673085
       574
       575
1987572271
 414536504
1323827559
1323827559
       576
       577
 414536504
1835183354
1977089842
1977089842
       578
       579
1835183354
1151757469
2714028183
2714028183
       580
       581
1151757469
  89053726
1239430843
1239430843
       582
       583
  89053726
 629556997
 717233443
 717233443
       584
       585
 629556997
 685251548
 224288481
 224288481
       586
       587
 685251548
 679885042
   6161358
   6161358
       588
       589
 679885042
2028588262
1349514456
1349514456
       590
       591
2028588262
1399301292
2332844178
2332844178
       592
       593
1399301292
1366820991
2694818859
2694818859
       594
       595
1366820991
 993980544
1214707967
1214707967
       596
       597
 993980544
 731082622
 311238654
 311238654
       598
       599
 731082622
 938064250
 511235320
 511235320
       600
       601
 938064250
 442048071
 221415361
 221415361
       602
       603
 442048071
 474088414
 647699749
 647699749
       604
       605
 474088414
  28827601
 502652591
 502652591
       606
       607
  28827601
1332704390
1288831831
1288831831
       608
       609
1332704390
1796292315
2793169505
2793169505
       610
       611
1796292315
1161630015
2886602522
2886602522
       612
       613
1161630015
1209773127
2365898118
2365898118
       614
       615
1209773127
 377931896
1587373247
1587373247
       616
       617
 377931896
1491207097
1852099377
1852099377
       618
       619
1491207097
1116174626
2590341339
2590341339
       620
       621
1116174626
1415181644
2531012206
2531012206
       622
       623
1415181644
 849501970
1190854750
1190854750
       624
       625
 849501970
 709509488
 417897602
 417897602
       626
       627
 709509488
1232506194
1673318082
1673318082
       628
       629
1232506194
 246697622
1206569960
1206569960
       630
       631
 246697622
1244439552
1150345878
1150345878
       632
       633
1244439552
1543396014
2447048366
2447048366
       634
       635
1543396014
 946554840
1125490054
1125490054
       636
       637
 946554840
 480756079
  80610375
  80610375
       638
       639
 480756079
2008113573
1125392916
1125392916
       640
       641
2008113573
1904716797
2754922658
2754922658
       642
       643
1904716797
 318344620
1132209321
1132209321
       644
       645
 318344620
 854915765
  11368289
  11368289
       646
       647
 854915765
 356239315
 133152136
 133152136
       648
       649
 356239315
1521347961
1872011340
1872011340
       650
       651
1521347961
1392965255
2846069504
2846069504
       652
       653
1392965255
1640917566
2965380293
2965380293
       654
       655
1640917566
 861190342
1343410692
1343410692
       656
       657
 861190342
 996068615
 715290061
 715290061
       658
       659
 996068615
1782220113
1363427928
1363427928
       660
       661
1782220113
 252582991
1697943968
1697943968
       662
       663
 252582991
 556017066
 740438521
 740438521
       664
       665
 556017066
1906675050
1384751636
1384751636
       666
       667
1906675050
1304454390
3194347872
3194347872
       668
       669
1304454390
 997905211
1949972273
1949972273
       670
       671
 997905211
 662082306
 514613821
 514613821
       672
       673
 662082306
1536355199
2126805633
2126805633
       674
       675
1536355199
 452425830
1631917029
1631917029
       676
       677
 452425830
 501413690
 664088480
 664088480
       678
       679
 501413690
1235633567
1447311577
1447311577
       680
       681
1235633567
2067982155
2967742698
2967742698
       682
