         2
         2
         3
         0
1967549858
1967549859
1967549859
         4
         5
1967549858
1763737158
3731287016
3731287016
         6
         7
1763737158
 759727933
2523465091
2523465091
         8
         9
 759727933
1375440761
2135168694
2135168694
        10
        11
1375440761
2126368655
3501809416
3501809416
        12
        13
2126368655
1659459755
3785828410
3785828410
        14
        15
1659459755
1653559247
3313019002
3313019002
        16
        17
1653559247
 155032039
1808591286
1808591286
        18
        19
 155032039
1260302713
1415334752
1415334752
        20
        21
1260302713
 381066149
1641368862
1641368862
        22
        23
 381066149
1277327724
1658393873
1658393873
        24
        25
1277327724
 607372498
1884700222
1884700222
        26
        27
 607372498
 689056926
1296429424
1296429424
        28
        29
 689056926
 557180007
1246236933
1246236933
        30
        31
 557180007
1465309970
2022489977
2022489977
        32
        33
1465309970
1271888972
2737198942
2737198942
        34
        35
1271888972
1702542376
2974431348
2974431348
        36
        37
1702542376
 970947488
2673489864
2673489864
        38
        39
 970947488
1262364857
2233312345
2233312345
        40
        41
1262364857
 683246066
1945610923
1945610923
        42
        43
 683246066
 708480871
1391726937
1391726937
        44
        45
 708480871
 687504863
1395985734
1395985734
        46
        47
 687504863
1130514922
1818019785
1818019785
        48
        49
1130514922
 359261254
1489776176
1489776176
        50
        51
 359261254
 934326362
1293587616
1293587616
        52
        53
 934326362
1904472580
2838798942
2838798942
        54
        55
1904472580
  23334756
1927807336
1927807336
        56
        57
  23334756
 576307429
 599642185
 599642185
        58
        59
 576307429
 613001899
1189309328
1189309328
        60
        61
 613001899
1648448253
2261450152
2261450152
        62
        63
1648448253
1997168294
3645616547
3645616547
        64
        65
1997168294
1022767128
3019935422
3019935422
        66
        67
1022767128
1194462410
2217229538
2217229538
        68
        69
1194462410
1454488966
2648951376
2648951376
        70
        71
1454488966
 604712482
2059201448
2059201448
        72
        73
 604712482
1151314484
1756026966
1756026966
        74
        75
1151314484
1690926880
2842241364
2842241364
        76
        77
1690926880
  51543375
1742470255
1742470255
        78
        79
  51543375
1027072944
1078616319
1078616319
        80
        81
1027072944
 184846784
1211919728
1211919728
        82
        83
 184846784
1304936047
1489782831
1489782831
        84
        85
1304936047
1118944082
2423880129
2423880129
        86
        87
1118944082
 778914703
1897858785
1897858785
        88
        89
 778914703
 260548898
1039463601
1039463601
        90
        91
 260548898
1539968561
1800517459
1800517459
        92
        93
1539968561
 738799460
2278768021
2278768021
        94
        95
 738799460
1977630804
2716430264
2716430264
        96
        97
1977630804
 318600250
2296231054
2296231054
        98
        99
 318600250
1812832099
2131432349
2131432349
       100
       101
1812832099
1297973398
3110805497
3110805497
       102
       103
1297973398
  64837318
1362810716
1362810716
       104
       105
  64837318
 485477299
 550314617
 550314617
       106
       107
 485477299
1791973842
2277451141
2277451141
       108
       109
1791973842
 725652633
2517626475
2517626475
       110
       111
 725652633
2105343558
2830996191
2830996191
       112
       113
2105343558
 674582781
2779926339
2779926339
       114
       115
 674582781
 804716070
1479298851
1479298851
       116
       117
 804716070
1147474098
1952190168
1952190168
       118
       119
1147474098
 259813148
1407287246
1407287246
       120
       121
 259813148
1574510039
1834323187
1834323187
       122
       123
1574510039
1424021487
2998531526
2998531526
       124
       125
1424021487
1625920372
3049941859
3049941859
       126
       127
1625920372
 919449762
2545370134
2545370134
       128
       129
 919449762
1654945036
2574394798
2574394798
       130
       131
1654945036
1266755255
2921700291
2921700291
       132
       133
1266755255
1488617711
2755372966
2755372966
       134
       135
1488617711
  12912700
1501530411
1501530411
       136
       137
  12912700
2019353974
2032266674
2032266674
       138
       139
2019353974
 721237711
2740591685
2740591685
       140
       141
 721237711
1176213882
1897451593
1897451593
       142
       143
1176213882
 827595297
2003809179
2003809179
       144
       145
 827595297
1056029490
1883624787
1883624787
       146
       147
1056029490
 333761693
1389791183
1389791183
       148
       149
 333761693
 981407592
1315169285
1315169285
       150
       151
 981407592
1616345673
2597753265
2597753265
       152
       153
1616345673
1249027215
2865372888
2865372888
       154
       155
1249027215
 271692551
1520719766
1520719766
       156
       157
 271692551
1115398915
1387091466
1387091466
       158
       159
1115398915
 804358499
1919757414
1919757414
       160
       161
 804358499
 545264608
1349623107
1349623107
       162
       163
 545264608
 803883664
1349148272
1349148272
       164
       165
 803883664
 976550439
1780434103
1780434103
       166
       167
 976550439
 391870075
1368420514
1368420514
       168
       169
 391870075
1915642456
2307512531
2307512531
       170
       171
1915642456
1559299318
3474941774
3474941774
       172
       173
1559299318
1283678725
2842978043
2842978043
       174
       175
1283678725
1469780329
2753459054
2753459054
       176
       177
1469780329
1007534021
2477314350
2477314350
       178
       179
1007534021
1234574470
2242108491
2242108491
       180
       181
1234574470
  12597496
1247171966
1247171966
       182
       183
  12597496
1110784105
1123381601
1123381601
       184
       185
1110784105
 632142939
1742927044
1742927044
       186
       187
 632142939
 159573348
 791716287
 791716287
       188
       189
 159573348
1682477873
1842051221
1842051221
       190
       191
1682477873
1806204444
3488682317
3488682317
       192
       193
1806204444
1001675320
2807879764
2807879764
       194
       195
1001675320
1995139203
2996814523
2996814523
       196
       197
1995139203
2080428145
4075567348
4075567348
       198
       199
2080428145
1191439888
3271868033
3271868033
       200
       201
1191439888
 484453417
1675893305
1675893305
       202
       203
 484453417
 530435606
1014889023
1014889023
       204
       205
 530435606
1962091673
2492527279
2492527279
       206
       207
1962091673
 166727349
2128819022
2128819022
       208
       209
 166727349
1269749641
1436476990
1436476990
       210
       211
1269749641
1748579561
3018329202
3018329202
       212
       213
1748579561
 918638429
2667217990
2667217990
       214
       215
 918638429
 821434545
1740072974
1740072974
       216
       217
 821434545
 715189735
1536624280
1536624280
       218
       219
 715189735
1230154247
1945343982
1945343982
       220
       221
1230154247
 134404902
1364559149
1364559149
       222
       223
 134404902
1076466313
1210871215
1210871215
       224
       225
1076466313
1655803003
2732269316
2732269316
       226
       227
1655803003
1435141226
3090944229
3090944229
       228
       229
1435141226
1241707228
2676848454
2676848454
       230
       231
1241707228
1038666431
2280373659
2280373659
       232
       233
1038666431
1057692794
2096359225
2096359225
       234
       235
1057692794
1278820837
2336513631
2336513631
       236
       237
1278820837
 435148958
1713969795
1713969795
       238
       239
 435148958
 798607715
1233756673
1233756673
       240
       241
 798607715
2006974422
2805582137
2805582137
       242
       243
2006974422
1284811071
3291785493
3291785493
       244
       245
1284811071
1882756610
3167567681
3167567681
       246
       247
1882756610
 395013223
2277769833
2277769833
       248
       249
 395013223
1412361849
1807375072
1807375072
       250
       251
1412361849
1496099630
2908461479
2908461479
       252
       253
1496099630
1686722906
3182822536
3182822536
       254
       255
1686722906
 339690390
2026413296
2026413296
       256
       257
 339690390
1249074599
1588764989
1588764989
       258
       259
1249074599
2068964414
3318039013
3318039013
       260
       261
2068964414
1923821167
3992785581
3992785581
       262
       263
1923821167
2013440132
3937261299
3937261299
       264
       265
2013440132
  10407483
2023847615
2023847615
       266
       267
  10407483
 261728663
 272136146
 272136146
       268
       269
 261728663
1109054767
1370783430
1370783430
       270
       271
1109054767
 727649962
1836704729
1836704729
       272
       273
 727649962
 982256055
1709906017
1709906017
       274
       275
 982256055
1903341875
2885597930
2885597930
       276
       277
1903341875
 160275227
2063617102
2063617102
       278
       279
 160275227
 819384256
 979659483
 979659483
       280
       281
 819384256
1697552991
2516937247
2516937247
       282
       283
1697552991
1973369152
3670922143
3670922143
       284
       285
1973369152
 720107560
2693476712
2693476712
       286
       287
 720107560
 589095889
1309203449
1309203449
       288
       289
 589095889
1023679568
1612775457
1612775457
       290
       291
1023679568
  61522899
1085202467
1085202467
       292
       293
  61522899
1528729755
1590252654
1590252654
       294
       295
1528729755
  79563846
1608293601
1608293601
       296
       297
  79563846
 133923714
 213487560
 213487560
       298
       299
 133923714
2023388301
2157312015
2157312015
       300
       301
2023388301
 864369421
2887757722
2887757722
       302
       303
 864369421
  84209340
 948578761
 948578761
       304
       305
  84209340
  33899328
 118108668
 118108668
       306
       307
  33899328
2096220960
2130120288
2130120288
       308
       309
2096220960
 160270400
2256491360
2256491360
       310
       311
 160270400
  66522610
 226793010
 226793010
       312
       313
  66522610
1269189430
1335712040
1335712040
       314
       315
1269189430
 764388752
2033578182
2033578182
       316
       317
 764388752
2138072176
2902460928
2902460928
       318
       319
2138072176
2056270278
4194342454
4194342454
       320
       321
2056270278
 117086646
2173356924
2173356924
       322
       323
 117086646
 263693735
 380780381
 380780381
       324
       325
 263693735
1460707593
1724401328
1724401328
       326
       327
1460707593
 426786766
1887494359
1887494359
       328
       329
 426786766
  21831862
 448618628
 448618628
       330
       331
  21831862
1264925212
1286757074
1286757074
       332
       333
1264925212
 969827191
2234752403
2234752403
       334
       335
 969827191
 623847044
1593674235
1593674235
       336
       337
 623847044
 213708629
 837555673
 837555673
       338
       339
 213708629
 444597005
 658305634
 658305634
       340
       341
 444597005
1151020882
1595617887
1595617887
       342
       343
1151020882
 525934871
1676955753
1676955753
       344
       345
 525934871
1200677830
1726612701
1726612701
       346
       347
1200677830
1650555638
2851233468
2851233468
       348
       349
1650555638
1436783813
3087339451
3087339451
       350
       351
1436783813
 886642569
2323426382
2323426382
       352
       353
 886642569
 458525042
1345167611
1345167611
       354
       355
 458525042
 998082644
1456607686
1456607686
       356
       357
 998082644
1586214304
2584296948
2584296948
       358
       359
1586214304
1591065335
3177279639
3177279639
       360
       361
1591065335
2055292648
3646357983
3646357983
       362
       363
2055292648
1502288088
3557580736
3557580736
       364
       365
1502288088
1098092189
2600380277
2600380277
       366
       367
1098092189
1540577621
2638669810
2638669810
       368
       369
1540577621
1731291571
3271869192
3271869192
       370
       371
1731291571
 121130097
1852421668
1852421668
       372
       373
 121130097
1985918170
2107048267
2107048267
       374
       375
1985918170
1625356263
3611274433
3611274433
       376
       377
1625356263
2015037558
3640393821
3640393821
       378
       379
2015037558
1238742289
3253779847
3253779847
       380
       381
1238742289
1448033332
2686775621
2686775621
       382
       383
1448033332
 925470481
2373503813
2373503813
       384
       385
 925470481
 396759191
1322229672
1322229672
       386
       387
 396759191
2032879823
2429639014
2429639014
       388
       389
2032879823
 368052167
2400931990
2400931990
       390
       391
 368052167
 557547893
 925600060
 925600060
       392
       393
 557547893
1527301623
2084849516
2084849516
       394
       395
1527301623
  58168418
1585470041
1585470041
       396
       397
  58168418
   7330688
  65499106
  65499106
       398
       399
   7330688
 723795441
 731126129
 731126129
       400
       401
 723795441
 852589044
1576384485
1576384485
       402
       403
 852589044
1132744462
1985333506
1985333506
       404
       405
1132744462
 106074649
1238819111
1238819111
       406
       407
 106074649
1693577313
1799651962
1799651962
       408
       409
1693577313
1048952912
2742530225
2742530225
       410
       411
1048952912
 656026055
1704978967
1704978967
       412
       413
 656026055
1724233117
2380259172
2380259172
       414
       415
1724233117
2026949078
3751182195
3751182195
       416
       417
2026949078
  32906117
2059855195
2059855195
       418
       419
  32906117
 891496819
 924402936
 924402936
       420
       421
 891496819
 920256080
1811752899
1811752899
       422
       423
 920256080
 112478809
1032734889
1032734889
       424
       425
 112478809
 975882327
1088361136
1088361136
       426
       427
 975882327
1261386303
2237268630
2237268630
       428
       429
1261386303
 433818691
1695204994
1695204994
       430
       431
 433818691
 895742485
1329561176
1329561176
       432
       433
 895742485
 218649930
1114392415
1114392415
       434
       435
 218649930
  27788213
 246438143
 246438143
       436
       437
  27788213
 444845051
 472633264
 472633264
       438
       439
 444845051
1869391660
2314236711
2314236711
       440
       441
1869391660
1504666457
3374058117
3374058117
       442
       443
1504666457
 101063246
1605729703
1605729703
       444
       445
 101063246
1878280260
1979343506
1979343506
       446
       447
1878280260
 582238972
2460519232
2460519232
       448
       449
 582238972
2139336126
2721575098
2721575098
       450
       451
2139336126
1781826380
3921162506
3921162506
       452
       453
1781826380
1561127321
3342953701
3342953701
       454
       455
1561127321
 547916246
2109043567
2109043567
       456
       457
 547916246
 183244147
 731160393
 731160393
       458
       459
 183244147
1777948106
1961192253
1961192253
       460
       461
1777948106
 519737252
2297685358
2297685358
       462
       463
 519737252
 563840712
1083577964
1083577964
       464
       465
 563840712
1519758780
2083599492
2083599492
       466
       467
1519758780
2143547231
3663306011
3663306011
       468
       469
2143547231
1712755147
3856302378
3856302378
       470
       471
1712755147
 266700285
1979455432
1979455432
       472
       473
 266700285
1943015058
2209715343
2209715343
       474
       475
1943015058
1946913152
3889928210
3889928210
       476
       477
1946913152
 867444859
2814358011
2814358011
       478
       479
 867444859
1788350025
2655794884
2655794884
       480
       481
1788350025
1521765456
3310115481
3310115481
       482
       483
1521765456
1991502591
3513268047
3513268047
       484
       485
1991502591
1813126405
3804628996
3804628996
       486
       487
1813126405
 764040770
2577167175
2577167175
       488
       489
 764040770
1294113859
2058154629
2058154629
       490
       491
1294113859
1609762812
2903876671
2903876671
       492
       493
1609762812
  64541811
1674304623
1674304623
       494
       495
  64541811
 370547757
 435089568
 435089568
       496
       497
 370547757
1172169550
1542717307
1542717307
       498
       499
1172169550
 543902085
1716071635
1716071635
       500
       501
 543902085
1605827434
2149729519
2149729519
       502
       503
1605827434
1982893981
3588721415
3588721415
       504
       505
1982893981
1261573521
3244467502
3244467502
       506
       507
1261573521
 102912480
1364486001
1364486001
       508
       509
 102912480
 935029861
1037942341
1037942341
       510
       511
 935029861
1457220487
2392250348
2392250348
       512
       513
1457220487
1111599883
2568820370
2568820370
       514
       515
1111599883
 330885583
1442485466
1442485466
       516
       517
 330885583
1983760620
2314646203
2314646203
       518
       519
1983760620
1762496562
3746257182
3746257182
       520
       521
1762496562
2054858870
3817355432
3817355432
       522
       523
2054858870
1763843896
3818702766
3818702766
       524
       525
1763843896
 540972760
2304816656
2304816656
       526
       527
 540972760
1517933217
2058905977
2058905977
       528
       529
1517933217
 680616071
2198549288
2198549288
       530
       531
 680616071
1837820016
2518436087
2518436087
       532
       533
1837820016
1699251478
3537071494
3537071494
       534
       535
1699251478
 614306699
2313558177
2313558177
       536
       537
 614306699
1432813523
2047120222
2047120222
       538
       539
1432813523
 577463654
2010277177
2010277177
       540
       541
 577463654
2054172528
2631636182
2631636182
       542
       543
2054172528
 487187166
2541359694
2541359694
       544
       545
 487187166
1170869154
1658056320
1658056320
       546
       547
1170869154
1616317762
2787186916
2787186916
       548
       549
1616317762
1821400915
3437718677
3437718677
       550
       551
1821400915
1972406390
3793807305
3793807305
       552
       553
1972406390
1932092553
3904498943
3904498943
       554
       555
1932092553
 517371380
2449463933
2449463933
       556
       557
 517371380
 283311813
 800683193
 800683193
       558
       559
 283311813
 478555747
 761867560
 761867560
       560
       561
 478555747
 442531431
 921087178
 921087178
       562
       563
 442531431
1189303211
1631834642
1631834642
       564
       565
1189303211
 439368659
1628671870
1628671870
       566
       567
 439368659
1564622008
2003990667
2003990667
       568
       569
1564622008
1705384381
3270006389
3270006389
       570
       571
1705384381
 512517454
2217901835
2217901835
       572
       573
 512517454
1987572271
2500089725
2500089725
       574
       575
1987572271
 414536504
2402108775
2402108775
       576
       577
 414536504
1835183354
2249719858
2249719858
       578
       579
1835183354
1151757469
2986940823
2986940823
       580
       581
1151757469
  89053726
1240811195
1240811195
       582
       583
  89053726
 629556997
 718610723
 718610723
       584
       585
 629556997
 685251548
1314808545
1314808545
       586
       587
 685251548
 679885042
1365136590
1365136590
       588
       589
 679885042
2028588262
2708473304
2708473304
       590
       591
2028588262
1399301292
3427889554
3427889554
       592
       593
1399301292
1366820991
2766122283
2766122283
       594
       595
1366820991
 993980544
2360801535
2360801535
       596
       597
 993980544
 731082622
1725063166
1725063166
       598
       599
 731082622
 938064250
1669146872
1669146872
       600
       601
 938064250
 442048071
1380112321
1380112321
       602
       603
 442048071
 474088414
 916136485
 916136485
       604
       605
 474088414
  28827601
 502916015
 502916015
       606
       607
  28827601
1332704390
1361531991
1361531991
       608
       609
1332704390
1796292315
3128996705
3128996705
       610
       611
1796292315
1161630015
2957922330
2957922330
       612
       613
1161630015
1209773127
2371403142
2371403142
       614
       615
1209773127
 377931896
1587705023
1587705023
       616
       617
 377931896
1491207097
1869138993
1869138993
       618
       619
1491207097
1116174626
2607381723
2607381723
       620
       621
1116174626
1415181644
2531356270
2531356270
       622
       623
1415181644
 849501970
2264683614
2264683614
       624
       625
 849501970
 709509488
1559011458
1559011458
       626
       627
 709509488
1232506194
1942015682
1942015682
       628
       629
1232506194
 246697622
1479203816
1479203816
       630
       631
 246697622
1244439552
1491137174
1491137174
       632
       633
1244439552
1543396014
2787835566
2787835566
       634
       635
1543396014
 946554840
2489950854
2489950854
       636
       637
 946554840
 480756079
1427310919
1427310919
       638
       639
 480756079
2008113573
2488869652
2488869652
       640
       641
2008113573
1904716797
3912830370
3912830370
       642
       643
1904716797
 318344620
2223061417
2223061417
       644
       645
 318344620
 854915765
1173260385
1173260385
       646
       647
 854915765
 356239315
1211155080
1211155080
       648
       649
 356239315
1521347961
1877587276
1877587276
       650
       651
1521347961
1392965255
2914313216
2914313216
       652
       653
1392965255
1640917566
3033882821
3033882821
       654
       655
1640917566
 861190342
2502107908
2502107908
       656
       657
 861190342
 996068615
1857258957
1857258957
       658
       659
 996068615
1782220113
2778288728
2778288728
       660
       661
1782220113
 252582991
2034803104
2034803104
       662
       663
 252582991
 556017066
 808600057
 808600057
       664
       665
 556017066
1906675050
2462692116
2462692116
       666
       667
1906675050
1304454390
3211129440
3211129440
       668
       669
1304454390
 997905211
2302359601
2302359601
       670
       671
 997905211
 662082306
1659987517
1659987517
       672
       673
 662082306
1536355199
2198437505
2198437505
       674
       675
1536355199
 452425830
1988781029
1988781029
       676
       677
 452425830
 501413690
 953839520
 953839520
       678
       679
 501413690
1235633567
1737047257
1737047257
       680
       681
1235633567
2067982155
3303615722
3303615722
       682
